000000012400090000000000050070200000600000400000108000018000000000030700502000000
000000012700060000000000050080200000600000400000109000019000000000030800502000000
000000012800040000000000060090200000700000400000501000015000000000030900602000000
000000013040000080200060000609000400000800000000300000030100500000040706000000000
000000013040000090200070000706000400000300000000900000030100500000060807000000000
000000014000000203800050000000207000031000000000000650600000700000140000000300000
000000015000900080300000000704000300000100400000800000500040200000070060010000000
000000015020060000000000408003000900000100000000008000150400000000070300800000060
000000015300600000000000080600050200000001000000000040010200700000760300008000000
000000017300080000000000000007100006000040300085000000200000840010700000000500000
000000017600020000000000000153000000000080200007000000400301500020000600000700000
000000018320000000400000000008051000040000300000070000706000090000300700000200000
000000019500600000000000000600080500040000300000010000380000040000200700010900000
000000021005080000600000000000670300120000500400000000000201040003000000080000000
000000021006800000000000070070021000020000400000005000500430600100000000000600000
000000021030600000000080000201000050500400000000370000700002000080000300000000600
000000021060300000000708000100050040070000300000020000200040000000600800500000000
000000021070300000000408000100060050030000400000020000200050000000700800600000000
000000021500040000000000070000300600000020500010000000600000203003107000000008000
000000021800040000000000060090200000700000400000501000015000000000030900602000000
000000021800400000009000000600570040300000800000020000070900400021000000000000000
000000021800500000000060000030102000500000840000000000000780500620000000004000000
000000023000800010800400000032500000000000100070000000600070004100000500000003000
000000023600010000000400000000080700502000000000000100080203000010000640000500000
000000023800000050000100000010600400507030000000000000300052000064000100000000000
000000024010300000070000000060000300000029000800000000400100600200000075009000000
000000024100800000000000003000400500700000100000030000000510600002000050030007000
000000025080000600000001000300400700000050008000000000000280400107000030000500000
000000026000080040000500000100600700300000080000020000000703100042000000000000500
000000026000080040000500000100600700300000080000020000000903100042000000000000500
000000026800500000000000704300070100000040000000000030000300810040900000060000000
000000028000050000000040000708200000040000300000600000600801000030000450000000900
000000028000800030100000000000070400080600000035000000700060100000000705000300000
000000029000306000000000008060000500053000000000020000000600150200070400900000000
000000031000079000000000000013200000004000700000100000500040670280000000000300000
000000031000602000000700000007000600010080000400030000000500270140000000800000000
000000031020700000008500000000016200400030000050000000300000050000200700000040000
000000031028000000000000000000208400730000060000500000160070000000400200300000000
000000031050080000000000000600307000040000500000100020100000800000050400003200000
000000031060200000000708000300050040070000200000010000100040000000600800500000000
000000031080000070000920000401000000000200800300000000090000250000080600000001000
000000031080040000070000000106300070300000000000080000540000800000600200000100000
000000031400020000000009000000301050600500000208000000000070200030600000000000400
000000034000100000000000060070000200005003000040050000000740100300000800600200000
000000034000100007800000090980000200600040000000700000000009800007030000010000000
000000034100000000000000050020050700043000000000010000900600800000400100000302000
000000034500000010000070000405310000000000200100000000000600700087000000020400000
000000036800010000000020000030602000000000190000500800100000900060000070000300000
000000036840000000000000020000203000010000700000600400000410050003000200600000000
000000038000000710900400000000017000600000900000003000000650200003000060010000000
000000038000009001000500020000460500800200000100000000040000600000021000700000000
000000038060020000007000050500400000000060700000000100100508000040000600000300000
000000038090200000000000510740000600000003070000010000005600200003000000100000000
000000038600001000000000050100200700800000004000750000025030000000000100030000000
000000039000070080000140000600000500200600000000003070000200600083000000000000100
000000041000700000300000000000045060700000300020010000000800200045000000601000000
000000041000700000300000000000045060700000800020010000000900200045000000601000000
000000041070200000000308000400060050020000300000010000100050000000700800600000000
000000041080030000200000000500060700002000300400008000000500020010400000000000800
000000041320000000500000000600300200004000080000500000200000300000081000000740000
000000041600000000000800000500600200040000070000300000000071600002000300070040000
000000041600300000000020000040100080000506000700000000300000500000070300010004000
000000041900600000000200000000810300540000000002000000031040000700000600000000020
000000042600900000000000030500000800007600000020040000000508100034000000000000700
000000043000080050000001000700500600000304000100000000040200000000070100030000900
000000049000050060000030000400900000700800000000000300503000100060000200000702000
000000051070030000800000000000501040030000600000800000500420000001000300000000700
000000051080400000000000000000031009507000000040000000000700460100200000300000800
000000051260000000008600000000071020040050000000000300000300400500900000700000000
000000051800020000300000000017600000000030200050000090400700800060500000000000000
000000052005400000070000000030005600000020010000081000200000008000600700100000000
000000052400060000000000010070200000600000400000108000018000000000030700502000000
000000053700600000000000040024000000008050000000300000010040200600007000300000600
000000054070300000200000000010000700000045000000208000000670100800000300500000000
000000054200070000000010000060000730005400000000000000710000200800300000000500009
000000054700020000000010000060000730005400000000000000170000200200300000000500008
000000061000320000500000000230000700000801040900000000001604000000030200000000000
000000061030400000000000000600300780105000000000900000200010000040000300000050400
000000061043000000000000000020008300600070050100000000700160000008000400000500000
000000061070005000400030000300000200000100070000800000001600000000070400500000300
000000061400003000000700000010690000020000300000000000304000200000180050700000000
000000061400070000020000000061500000000030740500000000005108000700000400000000000
000000061400200000900000000067015030010070000000000400200800500030000000000000000
000000061403000000020000000308000400000602000000100000060500000100000070000080300
000000061480000000000000000000520400000030000060000000530006070200000800000107000
000000061700020000000000000060530000010000200000000400000107030208000000400300000
000000063020040000000001000040000210000370000000500400503600000000000700800000000
000000063020040000000001000040000210000370000000500400803600000000000700500000000
000000063800090000000000010005020400010000000000000200200600500000103070000400000
000000065900200000000000000000900240053000000000000000060057000100006800000030900
000000068030090000700000020010000350000208000000400000000030100200600000000000500
000000071000040000600000000000705000200000600000100300087000050010300000000060400
000000071005020000040000000100300000000009400800000000060000950300710000000800000
000000071020800000000403000700060050000200300900000000600070000080000400000050000
000000071050008000000000000060040030200170000000300600000002500401000000700000000
000000071080400000000500000100072000050000630000000000000380400207000000600000000
000000071200900000000000000000600830071400000500000000640000200000050600000007000
000000071300800000080000000005041000020000300000070000601000040000200600700000000
000000071400030000000200000020700000000040300000000500000102060308000400500000000
000000071600500000200000000340010000000070620000000500000600300080400000010000000
000000071800020000300000000076500000000030200010000090400600800050100000000000000
000000071800040000000000000070200000030000800000090400000701030400500600900000000
000000071800300000400050000670000500000012000000400000002000050000800400010000000
000000071900000060020000000004070000030000400000910000700600008000300200100000000
000000072000051000000000000000060180720300000400000000300200000000400600008000500
000000072080500000010000000200097000000000100300000000703000060000180500000400000
000000072080600000010000000400097000000000800300000000703000040000180600000500000
000000074010030000000000080000010520700600000400000000053000100000708000000000200
000000074010030000000000080000010520700600000400000000053000100000807000000000200
000000076060200000000000050000860400501000000700900000030005000900000200000010000
000000078500300000000000010400070200000018000030000000060400500000000430001000000
000000081020030000000000000000060320700450000100000000500708000060000200000100000
000000081020040000000700000000050620300090000100000000040300200500008000000100000
000000081030020000000700000000050620400090000100000000020400300500008000000100000
000000081030020000000700000000050620400090000100000000060400300500008000000100000
000000081030200000000000000108060040000700300600000000500300700090000200000010000
000000081030200000000000000108060040000900300600000000500300700070000200000010000
000000081030200000500000000000600230100400000700000000400070000000010800060000300
000000081060500000700000000200600500008000020100300000040021000050000600000000000
000000081200400000000000000000230700010000050008600000700000400090080000000050200
000000081200500000030000000020406000001000070000200000008010000000030200700000400
000000081200500000030000000020406000008000070000200000001080000000030200700000400
000000081230000000040700000000600370005300000100000000400000200000058000000010000
000000081250000000060700000000500670004200000100000000300000900000048000000010000
000000081600030000000200000020800000000040300000000500000102070304000600500000000
000000081700300000400050000610000500000082000000400000002000050000700400080000000
000000081700600000500000000040081000000000290000030000000504700600200000080000000
000000082005060000010000000090302000000100500800000040600040000300000001000000300
000000082040600000010000000200098000000000100300000000803000070000410600000500000
000000082500006000000000090600000300000920000000000040000053100090600000008000700
000000083500400000000100000000020700100000400000008000038600000020070000000000520
000000084000100000200000000000600130408000000050000000560000200000080007010030000
000000084000510000000030000400000200300008000000600070000200403076000000000000100
000000084100600000000000000000040103030020000500000600048000020000701500000000000
000000084600010000000000000500000106000800300070200000087000020000063500000000000
000000091060070000000000000005030760000000300100000000300100004082000000000409000
000000091400070000000000000700300000800000400000106000019500060000040700200000000
000000091600700000200000000700000010000600500000450000030081000040000600005000000
000000091603000000500000000090100040000002300700000000300000700000410000000980000
000000091700000030000200000090010080005000600200000000080090000000600400000700200
000000091700400000000030000000651000200000370000000000000800200054000000310000000
000000091800300000300050000470000500000092000000600000002000050000800400090000000
000000092700000010000300000090020080005000600300000000010090000000600400000700300
000000096200030000000000030050010700069000000000800000800400100000600200000009000
000000102000300500000708000000400070600050000100000000000040600070010000030000040
000000102000300700000809000000500080200060000100000000000010600080040000030000070
000000102700400000000000800300000640400009000000010000012600000000500030090000000
000000103080020000000004500030000020000500070000100000100300600700080000005000000
000000103800050000000000700060020040001000000000300000000001460420000050000700000
000000104000802000000000000460070000000600080100000000000340700028000050009000000
000000104800070000000000600700200000000104000030000080012000000000050030604000000
000000104800090000000000600700200000000401000030000090012000000000050030604000000
000000105000700400700200000000500080403000000061000000500000020040060000000010000
000000105002000600030800000100000400000308000000200000570000030400060000000010000
000000105004070000000000300150300000000600080020000000000051200006000070800000000
000000105802000000000000000000406030200300000010000000400000720060015000000090000
000000106020070000800000500097000030000500040000100000000020780100600000000000000
000000106020070000900000500078000030000500040000100000000020780100600000000000000
000000106030070000400000500078000020000500040000100000000020780100600000000000000
000000106040700000000500300070000450600010000000000000000450020300000080100000000
000000106040800000000500300070000450600010000000000000000480020300000090100000000
000000107040080000900000600028000030000600050000100000000020890100700000000000000
000000107040080000900000600082000030000600050000100000000020890100700000000000000
000000107090020000000000004000401500020003060000700000000090030400800000100000000
000000108040200000000600000020400030700010500000000000100080000000000340000000026
000000108050400000000200000020500030700010600000000000100080000000000350000000042
000000108500200000000000400900000050000340000000060200000605070041000000000000030
000000108700400000000000000000038600400000070000010000000500064035200000010000000
000000109000200300040070000070000080000300000000100000203000600000004050100080000
000000109400050000000020300000109000500007000000300000013000000080000040009000020
000000109700400000000000000000039600400000070000010000000500084035200000010000000
000000130047000000050000000100302000000050007000000040800000200000603000000740000
000000130200600000700500000040010300000200050010000000500000007000084000000030000
000000130800600000200500000040010300000200050010000000500000008000074000000030000
000000136087000000000000050000740900360000000000000000004080200600305000000000000
000000160000009500000040000041020000000300600080000000700000024300900000000000008
000000170040800000000000002000500048200070000100000000000010260080600000000000300
000000201030070000000400800000050040801000000006000000200801000050000700000000090
000000201080400000000700000000540080302000000100000000500032600070000040000000000
000000201600300000700000000008540000020000030000600700010082000500000060000000000
000000201730000000600040000000060030008000500200000000001200000000508000060000070
000000203080700000000000100005000040300010000000000600000407060100000080200500000
000000204050700000680000000300000090000014000000020000201000000000800050000600700
000000204800070000000000600700200000000106000030000080016000000000050030402000000
000000204800090000000000600700200000000104000030000090014000000000050030602000000
000000205004800000007000000060200000000000010000000070230000600500040300000071000
000000205007800000004000000060200000000000010000000040230000600500040300000071000
000000205600400000000000300700000030000010080000058000000600740005200000010000000
000000206000080100900700000000030090056000000020000000000106500400000030000200000
000000206000090800900700000000030070056000000020000000000106500400000030000200000
000000206010500000000000300403026000050007000000030000000800010306000000700000000
000000207000000160500900000000016000800000050000002000000840003002000800010000000
000000207000300100600008000000140000400000050000200000000065080003000700010000000
000000207100040000000000300002300500060010000040090000900000010003500000000200000
000000208700030000000000400305000090600200000000810000020400000000006030010000000
000000210000000075080060000700200400000040800100000000040000030000507000000100000
000000210050090000000000030000102700480000000000600000201000600000080005000007000
000000230700500000100000800004701000020000400000900000080020000900000010000000007
000000240500030000000000600000005083020600000001000000300000701060400000000200000
000000250800040000000000100600200700300000008004100000020500000000030060010000000
000000260090800000000000050206000007000700004001000000000026100840000000000000300
000000260800700000000000300100006050070030000000042000000500001024000000003000000
000000260900700000000000300100006050070030000000042000000800001024000000003000000
000000270800300000000000100100040006000007500000020000027100000000500008000000040
000000274030090000000000000206000500000740000800000000040000039000006100000200000
000000280000095000000040000000800030005006000300000000140700000000000509070000600
000000280000095000000040000000800030005006000800000000140700000000000509070000600
000000280000310000000060000500000040703000000000000001000502300016000700040000000
000000301400700000000000200020080000000030060500000040001406000030000100000500000
000000301400700000000000200020090000000030080600000040001504000030000700000600000
000000301600040000200000000010308000500000060000700200000020640030000000008000000
000000301700400000500000200030100600000870000020000000400050070000000090000002000
000000301760000000000200000000080670001000000000000090070000840500103000000500000
000000302009400000050000700000140080700600000000000000000023050200007600000000000
000000302590000000004000000000801090000700100200000000010000070003020000000940000
000000304000002000000600000001040000000500020000000680000130500260000007800000000
000000304700800000000000100000705020003000600010000000200000075000034000000060000
000000305000910000000000200500003000060000010000000008000180040200600700003000000
000000306800500000000000100400000080000030020000001000003060200050800000000400070
000000307400800000000000100037100000000500040000000002500020060000007500000030000
000000307800060000000000500050302000070000060000000010000700400130000000600400000
000000308400050000000020100000103000500007000000800000013000000080000020009000040
000000320008090000500040000060201000000000800000300000100080900020000070000600000
000000320050400000000000600000200060003000100700500000820000050000003007000010000
000000320600400000000000000000023800170000000000050000420000050000600001003700000
000000340700800000000500000250040000300000060000100007000006200010000008000030000
000000360500080000000000020000406000800000001000300000000070105003200000040000800
000000390050400000000000010000230500600000004001000000830000700000610000000009000
000000401080070000000000300000020075400300000000000000300100600050000020007400000
000000401602000000500000000010200000030000800000506000000000520000030090700040000
000000401700200000000806000000700020040000300010000000200000080050010000600030000
000000401800090000000000600700200000000401000030000080012000000000050030604000000
000000401800090000000000600700200000000401000030000090012000000000050030604000000
000000401800200000000607000000800060040000300010000000600000020050010000700030000
000000405040300000900000100028000030000004060000010000000200780501000000000000000
000000407010600000050000000000160200300000800000500000700024000004003000000000010
000000407050080000900000100028000030000400060000100000000020890400700000000000000
000000407050080000900000100082000030000400060000100000000020890100700000000000000
000000407050080000900000100082000030000400060000100000000020890400700000000000000
000000420000081000000000300700900000000400700100000000043050000000006078020000000
000000420300060000000001000120400000000050006080000070506000003000200800000000000
000000420308000000900000000000580100040000700000300000070004050000600030000000008
000000430000060000000050000000000029040000060030800000000403500600000100200700000
000000450080100000000000000305000010600200000000740000100065000040000008000000200
000000450100008000000050600000000021030700000600400000002010000050000800000600000
000000501040080000000000600320500000400000080000100000005600200006040070000000000
000000501040800000000000000501000600000408000700000000030000280400310000000000090
000000501200070000000000000013500000000040600000000070670000020000803000400100000
000000501900300000000000000630000080000051700000000000451000060000620000007000000
000000502800090000000000600700200000000105000030000080015000000000040030602000000
000000502800090000000000600700200000000105000030000090015000000000040030602000000
000000510070300000000000080007051000020000603000000000400600200105040000000000000
000000510400300000200000000000710060800000400050000000010008000006000030000200800
000000520600300000300000040020040000000500300010000000500000700000012000000408000
000000520600300000300000040020040000000500600010000000500000700000012000000408000
000000520800100000200000700053000060000400001070080000000050300400600000000000000
000000520800700000000400000005000060000000047100020000000051800040000300060000000
000000529008700000000000100000025000003090000060000400000600300910000000200000000
000000560100009000400800000052000070060900000000100000070050000900000300000000001
000000601000082000000003000310000000200000080000400000060150400004700000000000020
000000601027000000050000000000200070000501000400000000108060400300040000000000020
000000601027000000050000000000200070000501000800000000109060400300080000000000020
000000601040200000000000000000700020130000000500400000402010000000056300000000080
000000601300070000000000000050106400600000030000800000010000200000030070000900080
000000601400900000000000300030060000000010070500000040002507000060000800000400000
000000601700200000000000000200503000000060300400000090016040000000700020000000800
000000601702000000500000000060200000030000400000507000000000520000010090800040000
000000601800070000000000000640100000300000780000500000000030070012000000050600000
000000601800090000000000400700200000000401000030000090012000000000050030604000000
000000601800300000000900000070064000000010020000000030208000000000070400300500000
000000602030800000010000000000108400500000700009300000200060000700050000000000010
000000602030800000010000000000500730900400000200000000500006040000020100000090000
000000602300800000000200500200300040067000000010000000000076100800000030000000000
000000602700030000000000400500200000000401000030000070014000000000050080602000000
000000604070000100020900000400010500000030000000008000000207030100000020600000000
000000604300070000000000500700000300000100020000406000046000001000080070020000000
000000605009100000000000040000800100350000000040000000200006700000035000001040000
000000608050700000000000100000481000020050000000000030000300520800006000100000000
000000608900002000000000300500060070000800000000030000020007500038100000000000040
000000613000540000000000070050900200301000000000000000700031000080000509000000000
000000620050700000000000000000028040037000000600000000000300105200010000400000007
000000620700300000400000050020050000000600700010000000600000800000012000000509000
000000630800020000000400000908700000000000100500000000036000090010006000000500002
000000640000000030700000000060100500000200007030000000005000108200034000000060000
000000640040700000000000100800500007000200090100000000000060300090000005000081000
000000640300050000000800000100000500000006300000200000000310007006000020050004000
000000650800700000000000200100005040070060000000032000000400001023000000006000000
000000650900700000000000200100005040070060000000032000000800001023000000006000000
000000690700000030000200000200000308400609000000100000060030500010000000000000002
000000701060050000008000000000104000700000020030800000000070350004000600100000000
000000701600900000000000040015000000000300200040000000200050080000007300000041000
000000701803000000400000000000040280070030000000000000060700500000106000200000030
000000702000304000000000900060080030000920000040000000207000100000600050900000000
000000702800900000100000000000526000000000340000007000073040000000000085020000000
000000703000107000000000500070200010040050000000800000102003000000060400800000000
000000703205000000000010000100000040000807000000300000000700350420000000010000600
000000704300060000000000500600000300000100020000407000074000001000080060020000000
000000706800900000100000000000526000000000340000007000073040000000000085060000000
000000708000032000000050000807900000000000320100000000040800007050000030000100000
000000710005200000000000000800030000000000405000000062200604000170000300000500000
000000710300200000000000400500000002000040000000007000040000350007860000010500000
000000710600300000000000500017040000040200003000000000000051000300000080506000000
000000710620000000000000000000708300100300000906000000400160000058000002000000000
000000721600304000000000000200500080000290000001000000000071400520000000000000000
000000730000050000000040000000000029070000050030800000000307400500000100200600000
000000730400020000000600000609800000000000100500000000037000090010007000000500002
000000730800020000000600000609800000000000100500000000037000090010007000000500002
000000740000080005001000000930000004000601000000200000300000160080050000000000200
000000740010080000000000200000070013602000000400000000050401000000200600000000008
000000750000803000400000000600200001200074000000000080013000000000090200080000000
000000751600304000000000000200500080000290000001000000000071400520000000000000000
000000801000600000000500000000400050090000040020070000300010700500000100406000000
000000801000600000000500000000400050090000040020070000300080700500000100406000000
000000801000700000000600000000500060090000050020030000400080100600000300507000000
000000801000700000000600000000500060090000050020080000400030100600000300507000000
000000801027000000050000000000200070000501000600000000109060400300080000000000020
000000801060200000000000000400500030107000000000000020603070000000081500020000000
000000801200040000000500000420000030000800100600700000300020000008000700000000040
000000801400020000560000000000040050001000300080000000200000060000309000007800000
000000801600200000000705000000600020010000300080000000200000070030080000500040000
000000801600200000000705000000600020010000300080000000200000070040080000500030000
000000801700200000000506000000700050010000300080000000500000020030080000600040000
000000801700200000000506000000700050010000300080000000500000020040080000600030000
000000802000930000000000000104006050000008000009000000000070430280100000060000000
000000802050020000000000400000004170020500000000600000000030058104000000600000000
000000805020300000000000100740000020005080000000001000300240000001000600000500000
000000806000070100000400000200001000060000040000050003000600200040300000100000050
000000809600000400300500000000019000700000020000040000004000100020300000000200050
000000810000025000600003000070100000004000200000060005000400030280000000500000000
000000810400000009000700000010507600000300000900000000300090000000024000060000100
000000810500000009000700000040607100000300000900000000300090000000025000010000400
000000830500200000000000000130600000000500204090000000000037080200000700000090000
000000840300500000000060000070004300040020000000000005500100026000008000600000000
000000890020000300004060000800301000050000020000800000900020006103000000000000000
000000901200070000000000000013500000000040600000000070670000020000803000400100000
000000901800070000000000000430500000000080570010000600000309000500000020000100000
000000930400010000000000000030720000600000100000500004100009000000300020804000000
000000980000001000000060000509030000800900070200000000040000601070800000000200000
000000980000001000000070000509030000800900060200000000040000107060800000000200000
000001002060000300000000000005000080000070010070200000000730500104000600800000000
000001007040000050000000000201000300000580060700000000100000200060400000000650000
000001007300200000800000400000080036500000000020000000010000020000500300090030000
000001020090000700000000000206000050000900400000070000800520000040000103000600000
000001030600000700400000000010000080000270000500400000008000001030600000000050400
000001040620000000000000300300050000000800002001000900094000100000620000000500000
000001050060000000020000000000360002008000700400005000500000180000070300000200000
000001050080000400000030000201000030000800700000400000000000612950000000000000003
000001050830000000000000600100300000005000020000040007070020000000000308000400100
000001060000402000080000003000000120040030000000000700201000500000740000600000000
000001060300000700000000000000380200514000000000070000000900041230000000000000005
000001060300000700000000000000380200514000000000070000000900041820000000000000005
000001060700200000000000000064000030000700005001000000000540600010000200300080000
000001070034000000020000000000200405000060300100070000600500080000400000000300000
000001070080000003000000000000860002100300000400000500500000140063080000000000000
000001070080000003000000000000860002100300000400000500500000410063080000000000000
000001070900000400300000000070000012000490000000000000000960300810000000020500000
000001080024000000030000000700000640000920000000030000800700000500000200000000309
000001080200000500000400000040000600000050200000020003000300094560000000700000000
000001080504000000600000000000530406720000000000000500080000020000460000000100000
000001080602000000000000000800500000030000100000020400000260009014000030000700000
000001080602000000000000000800500000030000100000020400000260009041000030000700000
000001080604000000500000000000530406720000000000000500080000020000460000000100000
000001080700000400900000000015000002000520700080000000060000010300070000000400000
000001090602000000300000000000830006010000070000200000540090000000000208000000600
000001200603000000700000000020000560000300008000470000300700000000020100000000040
000001300004000005000000000060000120008450000000900000170000600300040000000800000
000001300009000070060000000000450060100000002300700000280000100000690000000000000
000001300009000070060000000000450060100000002300700000280000100000960000000000000
000001300200000004500000000060000130400750000000200000038000060000070005000000000
000001300400000005200000000060000130500740000000200000038000060000070004000000000
000001400203000000056000000170000009000360000000500000000600030800000700000020000
000001400504000000200000000300260000010000700000500000000000320080040000000000065
000001400605000000200000000300270000040000100000600000000000360080050000000000072
000001600070000030400000000300250040901000000000800000056000100000400000000070000
000001600240000000950000000000570000700000100000400000000200040000000095300060000
000001600250000000400000000100400050000060002003080000067000300000200040000000000
000001600700000040800000000400250070310000000000700000000840000060000100000000200
000001700400000005200000000060000130500840000000200000073000010000080004000000000
000001900204000000600000000010000300000760000000040000000200064003000050080000007
000001900700030000200000000050000070010004000000200000000060105800700030000000400
000002010040000600050030000000480500200000003100000000000300008700000020000500000
000002040030000600050070000800000020000600010000350000200000900000900300100000000
000002050060000300040500000000630000800000070000100000000010604500007000200000000
000002060000300001400000700010600000000070200000000000207040000000500013800000000
000002070080000300000600400300060020010400000000000000000500108702030000000000000
000002070600000003000050000002010500030600000000400006400300010800000000000000200
000002300040090000700000000500600100000480000000000020000800004200000090103000000
000002300100500000007000000400000017030800000000000600006470000020000900000010000
000002400560000000100000000020160000000000850000030000300000016008004000000700000
000002405030100060070000000010300000800000200000000000400010000200000800000700030
000002500060900000001000000800003000200000400000060000000030016570200000000000090
000002700001000030080040000020000004000300080900000000700500100000060200000800000
000002900860000000500000000700500030000100000000000060002030100000070204000600000
000003010050070000000400000103800000000060700200000000000102300060000507000000000
000003010070040000002000000801030000000000702000000500300501000040000600000200000
000003046000800000900000000006000073200510000000090000130000200000000100000400000
000003046000800000900000000006000073200510000000090000130000500000000100000400000
000003058071000000000000000000420700800005000060000100500060040000100000002000000
000003060020000400050700000000000501308000000600000000000520000800000030000400600
000003060200600000100000000000700102035000000000000800060004050000020001000080000
000003065900000080001000000000790200050000000000600000860005000700000900000010000
000003400070100000020000060408000000000200050300000000060500000000020300100000008
000003450100000006000090000500610000000000380000700000084000200000100000030000000
000003580700200000100000000000670040030500000000000000000010200600000007080004000
000003700001500000020000000680200000700000300000040000300075000004000002000000010
000003700080200000040000600000800050600000300000000000701060000000040080000500020
000003704000070600100000000002800000500000010000000003070000300040100000000500080
000004001050200000000000000601300000000700350800000000200080000000010060060000400
000004001050200000000000000601300000000700850900000000200090000000010060060000400
000004012000010030000800000000600500300000800100000000000023000090000050060000700
000004013600500000000000000040013000800000560000020000900200600010000000000000800
000004020070000500300800000010030000000000083000000040600050700008200000000000100
000004050003800000060900000400000070000010000000300000100029000500000803000000600
000004090000095000010000000200600700000180300500000000980000050000000200000300000
000004090000095000010000000700600300000180700500000000980000050000000200000300000
000004090000095000010000000800200600000170300500000000970000050000000200000300000
000004200008090000500000000160300000040000700000050000020007000300000009000800050
000004200300100000000060030000300060040000000070000000601500000000020407000000800
000004200600000003000010000900300000000000410000000700010800005004000060027000000
000004200600000005000010000800300000000000410000000700010500003004000060027000000
000004300020700000000090000309000100000600500000200000080000067400010000000000020
000004600000000508001000000200170000080000400000300000000230010450000000000000030
000005001600800000900000000000008570130090000000000400007400000000020060050000000
000005004030000020100070000020000050000010300000600000600000800000300100000402000
000005010090000600700800000501030000000000204400000000020960000000000050000700000
000005010702000000000040000000720600051000008300000000400000200080001000000300000
000005018390000000000000040700098000200000700000100000008400000000020300010000000
000005018960000000000000040700098000200000600000100000008400000000070300010000000
000005020000030040100000000000208100000900700030000000050040030700100600000000000
000005020090800000010700000200000070000009400000030000000060140500200000000000900
000005027063100000000000080200078000010000300000000000700030000000600400005000000
000005100070000009000020000000940006300000070205000000060700080000600000000000200
000005190200070000000000000053000400000200007010080000800600020000003500000000000
000005200400100000000060030000300060050000000070000000601400000000020507000000800
000005300100000000000020000045000600030800000000100000600000071002034000000000090
000005600003080000000000002000730400520000000060000000700502000000000810000300000
000005600700200000100000000030610000000000040000000002082500000000040170000000900
000005640701000000000600000450030000000080100030000007020000030600100000000000000
000005640701000000000600000540030000000080100030000007020000030600100000000000000
000005830020470000000000000000100047805000000600000000300000500070600000000010000
000006004002000030050000000000300020600040000000000500400000106000270000000800700
000006007040020000010000050000130400600000300700500000200007000000000100000800000
000006027400500000300000000021000000000400030000000800000020001070300000600000700
000006028073100000000000000500002000040000300000070100200000050000430000005000000
000006050070000200008100000300054000000000801000000700540000060000020000000800000
000006072083100000000000000800002000040000300000080100200000060000430000005000000
000006081300050000000000000000570200010000000000000500500000370000108004200000000
000006081300050000000000000000730200010000000000000500500000370000108004200000000
000006081400030000000000000000740300010000000000000200300000470000108005200000000
000006081730000000000000090009001000200000300000900000070430500001000000000020000
000006090700010000000000030200500700000903000010000000009240000000000160000000800
000006200003000000100000000000000014060000070050030000900410000000800500000000620
000006200003080000010000000700300005200000600000040010000100043600000000000002000
000006200080070000000000001200001600050000080000400000601000300000850040000000000
000006200080070000000000001200001600050000080000400000701000300000850040000000000
000006201300040000000000000026000500010300000000080040800700030000002600000000000
000006203001700000050000800200080600000300000070000000000500010408000000600000000
000006208400070000500000000000050030080000600000000000020800100000300050700000040
000006350017000000040000000900080600000000200000100000000450070300002000000000001
000006390017000000040000000500080600000000200000100000000450070300002000000000001
000006400050020000070000000100000370000580000000000100000700025603000000000000060
000006403000710000000000000050000270000083000000000010000200150304000000600000000
000006403000710000000000000050000270000083000000000010000200150403000000600000000
000006500800400000100000000000000950400800000000000600000130008090000200050700000
000006700200040000000000100900020050000700600000000000057100000000300020080000040
000006800700200000100000000030610000000000040000000002092500000000040170000000300
000006820400700000001000000300500070060000200000040000080002000500000004000010000
000007001008300000060000500100050400000600200000000060000068040020000000500000000
000007010002040000300000000010060000000000803800000900000300052900800000070000000
000007016050200000000000000002040500000006080030010000000700200604000000100000000
000007020400050000000000000000100504078600000000000300500410000020000070006000000
000007034200600000000000010060200800001000000000050000820000600000001900000030000
000007050600000800000300000000090702035000000040000000800060000000900004700000030
000007052860000000000000000002405000000000810040000000000280600300010000005000000
000007061050200000000000000002040500000006080030010000000700200604000000100000000
000007062301800000900000000060050040000100000000000000500000300000046000000900100
000007080050100000020000004030056000400000070000800000000020500700000100800000000
000007084263000000000000000600004000500000300000800000000150200001030000040000000
000007100000023000050000008203000000000600800400000000080100500000060030000400000
000007200083000000000010000200600080750000000000300000400000700000000401006800000
000007240300600000100000000000520003040090000000000060000100800070000400000300000
000007300045000000020000000000000520100008000000000600000540001700600000000020050
000007350010000600800000000060100005200000000000000040400000270000310000000600000
000007360800500000200000000060400700500200000000000000030010000000000405000000028
000007400560000000100000000020160000000000850000030000300000016008004000000700000
000007460003500000010000000700600020000010000000000008650400000000000803000000100
000007600004050000100000000600300000070000500000080200005000083020006000000100000
000007801004030000020000000900108000000000320000500000780000000000040050100000000
000008021609000000000000000500000640000102000000030000000670500400500000020000000
000008030040500000000020000000400207300000009100000000000030810009600000070000000
000008030060040000001000000000170000000200500300000040840009000000000701000000200
000008045000400060100000000300000100060500000000000200054000000008070000000020700
000008067300010000000000040670200000000050800040000000100700000005000100000400000
000008070300100000000000002500004100000670000100000000070020040000500300080000000
000008200041000000070030000800000603000100000000000070000400015900700000000000300
000008200600300000010000000000000014300200000000000090508000700200000500000190000
000008250006700000300000400750000010000040000000030000084000600000100070000000000
000008290750300000400000000620050000000200080000000001000040500080000000001000000
000008300000000107900040000000020040036000000010000000200300050000700600000100000
000008300000000501900040000000020040037000000050000000200300060000500700000100000
000008300000000501900040000000020040057000000030000000200300060000500700000100000
000008300000000501900040000000090040057000000030000000200300060000500700000100000
000008300060000070000010000851000000000400060000000000003000102400600000000200500
000008400006050000700000000100700200070000000000060000000200086340001000000000050
000008700200010000104000000000260300050000600800000000030600000000400020000000010
000008710540300000000000000600000054000010600300000000017000200000500006000000000
000009002600010000000000070800005100000200000000000040000430600090000800020700000
000009010050030000000000080400100060070006200000000000100800000000400300000070500
000009010200080000000000030700100200000703000000000800000040670003500000010000000
000009030000000014700800000200000800000070100000004000043050000000600200090000000
000009030048000000000000000020480000507000090000100000000260408100000000000000200
000009100500700000000000000300580000000020600000000409000100030090000070064000000
000009207108000000500000600020006000000040300000000010000180000360000000000500000
000009300400080000000000200020600001031000000000050040600100070000000800000300000
000009400030000500000010000040600000000080070000000001000500390701200000800000000
000009400670000000100000000020160000000000950000030000300000016009004000000800000
000009600700200000100000000030610000000000040000000002082500000000040170000000900
000010002040000030000000000000703080209000000100000000600000201000400500070300000
000010003600000040200000000000206500080000071000400000500600200030000700000000000
000010006030000090070000000000700040600000005200000000140000300000602800000500000
000010006900000040300000200700302000000000065000800000000400300051000000060000000
000010007800000020600000000320600000005000401000800000041000000000300060000000200
000010008005000040020000000610000080000502000000700000800400700300000001000000200
000010008009000500200000000000900040000000013600000000000608700010000300040200000
000010020000020300470000000000709000000400008001000000300000150060800000000000200
000010020006000800050000000410000070000605040000300000100000300700200000000000600
000010030200400000000000090000200804030000000060000000000603700801000500000090000
000010030207000000000040000000809200000700500010000000000000613800200000000000040
000010030408000000000050000000809200000700400010000000000000613700400000000000050
000010040003000600020000000810000400000302000000700000004600007500000010000000002
000010040200000500307000000080000006000200300040700000500302000000000010000000008
000010040530000000000000200200507000008000010000000030014000000000700600000200500
000010040530000000000000200200509000008000010000000030014000000000700600000200500
000010040800000600000090000050600700000800100002000000000300020100000090790000000
000010040900050000000000800040802000000000001060000000000200460100300000500000700
000010049370008000000000000600500300000040000100000000009000020040300000020000800
000010050060000002030007000000680300100000700500000000200500040000000100000300000
000010050070000200300000000600000302400500000009000000050308000001000040000200000
000010050200000300600000000000206008070000010000300000000700200041000000350000000
000010050200000300800000000000206008070000010000300000000700200041000000350000000
000010050200000400800000000000206008070000010000400000000700200013000000450000000
000010050200000400900000000000206008070000010000400000000600200013000000450000000
000010050270000000040000800600000031000207000000400000500700400103000000000000000
000010060030000700002000000000203004400000010000700000654000000000800200100000000
000010060070000002030008000000790300100000800600000000400600050000000100000300000
000010060200000500700000000000208300410000000060000000000500200500300000040000010
000010060200080000000000073140000800050300000000700000673000000000000100000200000
000010060500000300400000000000507400080000010000300000010000002360000000000200500
000010060700000500900000000000507004030000010000400000021000000000800300406000000
000010063209000000000000000000905100000280000030000000500000900060030000000800040
000010070080000400300000000000309000001000020070400000600000304200700000005000000
000010070300000800500000000072000001000600300000000000010000024600308000000500000
000010070300000800500000000072000001000800300000000000010000024600308000000500000
000010070400000060080000000020607000030000100000500400700000008000200300100000000
000010070500000800300000000072000001000600300000000000010000024600308000000500000
000010080002500000000000900000700205840000000500000600180000030000209000000000000
000010080003000600020000000810000400000302000000700000006400007500000010000000002
000010080500000700300000000082000001000600300000000000010000024600703000000500000
000010082600400010700030000020000504010000000000000600000500400000200000300000000
000010089240500000300000000400200500000060010000000000010070000000300200090000000
000010089350400000000000000000802500091000000700000000400600300020090000000000000
000010200600040000703000000000700030004000100500600000000300060080020000010000000
000010230800600000000000000009000310600807000000000400750000008000230000000000000
000010300070040000200000080000700500300008000001000000050000014000300600000200000
000010300400800000200000000603004000000700019000000500070050000000000048010000000
000010300520000000000000000307000001060500020000000000108000700000206050000400000
000010400000090070700000030041000500000200080000000000060000109200708000000000000
000010400050700000300000000800502000000000140000000600060040070000300005001000000
000010400200000008700000000640000050000500007010000030000702000090000100000800000
000010400200000050000000000071060000000000580000300020000007106830200000000000000
000010400300000060000800000081040000000000053000000700200306000070000100000500000
000010400700000008200000000640000050000500007010000030000702000090000100000800000
000010400700000060000800000041050000000000073000000500200706000060000100000300000
000010403280500000060000000100074000000000082000000000300000700000800090000600000
000010407020300000060000008030200000500000100000000000400050000100000080000600020
000010500030000060200000000400600020001000000900000000070300008000200400005000100
000010500040000080000090000600400030000002000001000000820700000000300106000000900
000010500070000008090000000620000070000850000000000000100702000504000900000300000
000010500200000003000000000061000400000207000000800000500300600700000020040050000
000010500300000020800000000080302000040000100000700006605000000000800030100000000
000010500480000000600000000007000200030600000000000100002050030000400080000900060
000010600050000003000040000070200050000300000000000040104000700000506200800000000
000010600050000030000080000700500020000002000008000000530900000000400807000000100
000010600050000030000080000700500040000002000008000000230900000000400807000000100
000010600250000000700000000000200070500000030041000000060000108000500400000700000
000010600250000000700000000008000310000700000000000900091000030000207005000400000
000010600300000020700000000000702000010000800500300000000200035400000007060000000
000010600700000040300000000000700030620000000010400000000008102504300000000000000
000010600704000000000000000260000000000300070015000000650000100000708030000400000
000010600800000040000000000050000301700809000000000000061200500000400070003000000
000010700002000000006000000030000001100040000000500060000206050740000300000008000
000010700300000040807000000000003080015000000000400000020000501600800000000300000
000010700603000000400000000500402000000300800070000100000600043020000010000000000
000010708603000000500000000080004002000300000000000030000500360020900000000000400
000010730500600004000000000200405000000000810000000000010080300000200005400000000
000010740002500000600000000300000002000006010800070000010400000000002800000300000
000010800040000000500000000200000053000480000000000600071000400000502060000300000
000010800050000000200000000800000100000207000000500004600300070000000350048000000
000010800090000030200000000400503060701000004000000000050200000008000100000300000
000010800090000030200000000400503060701000004000000000050200000008000100000600000
000010800300000000700000000410000050000609030080000000000300002040000100500700000
000010800300000060908000000000003090015000000000400000020000105700900000000300000
000010800300800000200000000090040000000000205000000063070000140600300000000200000
000010830050000000020000000000209005800000010000400000000700200103000000600000004
000010830570600000000000000000705006030000200001000000700000054000032000000000000
000010900057000000002000000000206050300000100000700000410000030000800002900000000
000010900078000000002000000000408060300000100000200000510000030000700002900000000
000010900608000000200000000700600300040000509000200000000804020095000000000000000
000010905040000000800000000030000200000460000000805000100070000000100300005000040
000012000300000080000009040408700000500000600000000100000450000010600000090000000
000012000900000400000080000500000010000900006010000002007300500000000840020000000
000012003704500000000000000000400670010000000000000080600730000000000201400000000
000012060058000300000000000700040000200000010000500000140000000000800005000600700
000012090730000000000000000000500706080000300001000000600340000000000012000000500
000012600300000007000000000000700403005300000010000000400850000000000120000000060
000013070040000500068000000000806400100000000000700000200000013000420000000000000
000014000000000530060000000000070204350800000900000000004000106000300050000000000
000014000030000200070000000000900030601000000000000080200000104000050600000708000
000014000070000020000000030001050400000000008000200000230700000600300500000000100
000014000300000500000020000600000010000800002010000007008300600000000450020000000
000014007600000500000000000300620000000000014200000000000500630080200000010000000
000014050730000000000000000004008000200000600000300007001050040080700000000000100
000014200600000000000000070000700053102800000400000000030500000060070000000000100
000014500032000000600000000070302000000000100000800000500060000100000040000700030
000014560800020000300000000064500000000300070000000000030000400700600000000000001
000014600205000003700000000300500020000046000000000000000200070080000400010000000
000014700206000000000000000300680000000000134000000007500300080010000000000200000
000014800206000000000000000300680000000000431000000007500300070010000000000200000
000014800309000000700000000600200050000000103000007000010000004000900020000030000
000014800570000000000000000600300002001000000000200000200730000030000080000000140
000015000200000080000300000900800000000000405000000160015040000000700200000000030
000015300600040000080000000000200075000800060100000000070600000003000100000000004
000016300540000000700300000086003000000400050000000000000000601400500000000020000
000016500008000070000000000560000200000800040100000000020000106003040000000300000
000016500009000070000000000560000200000900040100000000020000106008040000000300000
000017000200000600000090000000300250071000000000000080510400000000200300000000009
000017000600000800000000003000000410500800000000000700017000030004200006020000000
000017030200000800000030000000600209031000000000000005040000080900200000000500000
000017200040000060000003000050400008300000100000000000701000300000850040000000000
000017200040000060000003000060400009300000100000000000701000300000850040000000000
000017500600000003000040000370000060000200008015000000000000710800300000000000000
000018000600070000000000800000500302700003000100600000020300400000000010050000000
000018060200000700000030000000500204031000000000900000500200400080000010000000000
000018200040000070000003000060400005300000100000000000801000300000650040000000000
000018300000070050040000020020500000000000600000000007000600240700300000100000000
000018500700000400000030000050600010000000038200000000040700200001000000000200000
000018500700000900000030000050600010000000038200000000040700200001000000000200000
000020005000060800010000000300000040802000000000500010000103200600000700000400000
000020005000060800010000000300000040807000000000500010000103200600000700000400000
000020005000060800010000000300000040902000000000500010000103200600000700000400000
000020007060000030030600000050000600400100000000070080000300100208000000700000000
000020010050000600040007000000500084200600000100000000700010000000300200000000005
000020019800600000500000000090040000600000300000001000010000040700300000000500800
000020031600800000000000000013700000052000000000000200400000870000050600000001000
000020034601000000000000000040530000700000600000000080000607500030000007000100000
000020040008000700010000000000700300400050000500000100200300060000000052000100000
000020040030000600010000000400050300208000000000700100060300000500000020000100000
000020040060000200010003000000600008800000030000002000000710600300500000400000000
000020040100000500000006000060040020500300100000000000000108000020000070000500300
000020040800000100100900000026050000000000800040000000900801000000000065000300000
000020045010060030000000000070000100004050000000300000000007600500100000300900000
000020050000010000400000000006000201300708000000000900500300080020000600000400000
000020050040008000007000300500000020010700000000100000000300407300060000000000100
000020050080400000010000000500300700200060001000000800600000030000107000000800000
000020050300000100000006000060050020100400300000000000000108000020000070000300400
000020050600000100000004000042030000000800600000000010570100000000000302000600000
000020054009010000070000300000050020080600000000000000000300708200400000100000000
000020054010060030000000000070000100005040000000300000000007600300100000400900000
000020060000000028030000000000400300206000000000007100070300400800000050000100000
000020060030000100007800000000003740800050000000000000290000050000007300000100000
000020060040500000010000000600300800200070004000000100700000030000408000000100000
000020060050008000004000300600000020010400000000100000000300405300070000000000100
000020063080000700100000000000100005002000030000800000410000800500030000000007000
000020064801000000000000000700103000060000002000800500000000130040090000000500000
000020070080000500010000000000108000700000020000500000200460003300000400000000100
000020074301000000000000000000300160020080000000000700500103000040000008000600000
000020076401000000000000000500400100020060000000700000000501300060000080000004000
000020087300040000100000000070050060080000300000400000500100400000300000000008000
000020089430000000000000000009000020000100400080000300600500100100000007000080000
000020090000010000400000000006000201300507000000000800500300070020000600000400000
000020100030000005040070000000600040160000000200000070500000200000308000000400000
000020170080000400060700000000300086100000000000000050000603000400000200000500000
000020180090000400060700000000300096100000000000000050000603000400000200000500000
000020300040500000000000100000600087103000000200000900000400050070000060000010000
000020300040800000000000100000600087103000000200000900000500040070000060000010000
000020300680000000100000000540100000000800020003000700004070200000600001000000000
000020308000400000090000000001000690000230000000800000240000500000001070800000000
000020308001400000000000500000601090230000000700000000580030000000100060000000000
000020340805600000000000000037000100000800009020000000400000085000031000000000000
000020350170000000400000000005080070000900001030000000900000200000401000000500000
000020400503000000600000000040080000000500006000000010010007200000300800000604000
000020500010600000000000340040000071300050000000000000500107000200000800000400000
000020500030000004001900000000800630400500000200000000000003010860000000000040000
000020500409000000100000000025080000000000064000000000080000230600400007000100000
000020500409000000100000000052080000000000064000000000080000230600400007000100000
000020500700000060100000000000300010008040000020005000000000208000700400300100000
000020570130000600000000000080603000000100000000000020207080000000000301400000000
000020600010000000000900000230006000000080090500000040000401300009700000800000000
000020600010700000000000450050000081400060000000000000600108000300000700000500000
000020700041000000030050000200000500000400080000100000300070060000800010000000200
000020700500000060100000000030000904006580000000100000000804050070000200000000000
000020704100000300300000000000108600045000000000300000070000052000600000000000040
000020705100000300300000000000108600024000000000300000070000024000600000000000050
000020709810000000000030000000600380200040000500000000009100400000805000000000000
000020800005600000000000700890002000000900030700000010000510003270000000000000000
000020800060000300000009000002040000000600007000500000000100680200000040970000000
000020800100000400900000000006400000050080000000000010040000502007301000000900000
000020800100500000000000000026000400000700003080000000002064000300000075000000010
000020800500000004010000000208040000000300100000000070000700030600100000400000002
000020801020057000000000000800600300000004070100000000070000020000310000000800000
000020807301000000000000000000130050460000200000700000020507000600000030000000000
000021000000000003000000080302000600700090000000700040040500100800400000000000002
000021000000000430600000000080700000040000001000000062201050000000300800500000000
000021000000000530600000000080700000030000001000000062201040000000500800400000000
000021000000000830600000000080700000040000001000000062201050000000300400500000000
000021000030000040000000000201060700000800030900000000050300900700000002000400000
000021000030000040000000000640300000007000002000050100500400000200000700000800030
000021000030000400000000000080300000600000020000700000201060050000400300500000007
000021000060000040000000000502000001100600000900300000000400760200050000000000300
000021000080000006000000000500000010030700000000800040201000900000650800400000000
000021000080000300000000000201070060000300800600000400050800000700000020000400000
000021000400000500800000000016000004000070800000000000730400000000500016000000020
000021000400000900800000000016000004000070800000000000730400000000500016000000020
000021000500000400000000090060000027300400000000500000000670800021000000400000000
000021000700000090300000000018070600000900030020000000400500800000000200060000000
000021000700000600000000040000040200000000301800600000030500070021000000005000000
000021000700000800800000050400900000060000020007000000500060000020000001000700300
000021000800000900300000000016000004000070300000000000730800000000500016000000020
000021000800000900500000000016000004000070800000000000730400000000500016000000020
000021004576000000000000000000500360200080000000000070030700000400000002000000100
000021004576000000000000000000500630200080000000000070030600000100000002000000100
000021040003000007000000000000700100600000020008900000120000500000860000040000000
000021050800000400000000000300640000000000012000000800004800000020000070000700300
000021050800000400000000000300640000000000012000000800004800000020000070000900300
000021070500000100600000000910000060000830000000500000000900005070600000000000800
000021500080000060000000000005300040001600000200000000000070201630000000000000700
000021500800000060000000000012000000005000030040800000000050107700300000000000200
000021500800000070000000000012000000005000030040800000000050601600300000000000200
000023007100000600000050000630000010027000000000400800800600000000000003000000020
000023050900000800000000000032000600000500000010000000700860000500000003000900010
000023600010000050000000000302070000000500040600000000000100008050400000700000300
000023700601000000000070000000800300400100000000000020530000000000000046020000001
000023900760000000000000000010680000000700006000000300302000000000100080900000040
000024005010000300000080400000600710200000000000000000000100060403000000500700000
000024500001000060000000000420000003000100090500000000370000400000980000000600000
000025000800000300000060000460002000000300007050000900000000025700000040000100000
000025010030000000000010000040300600070000400500000000800600000000400300100000020
000025600701000000000000000000100073050060000000000040560000200300700000000008000
000025800071000000000000000300000200500400000000109000280060000000700010000000004
000026050090000100000000000300000020010700000000900000206000008000130400500000000
000026300801000000000000000000000732500100000000000600000800040060500000720000000
000026400010000000000070000605000090400100030200800000080300000000000700000000600
000027000000010800700000600300600000000000001000005000021000060000300540080000000
000027040800000000000000000204500000000300106700000000060100300080030000000000020
000027600010000000000080000705000030200100040600900000090300000000000800000000700
000028000000010070000000035050600200037000000000000100800400000000305000100000000
000028000000010070000000063030500200067000000000000100800400000000306000100000000
000028000800010000000000700000600403200004000100700000030400500000000010060000000
000028005960000040000010000700509000000600800400000000000700090080000100000000000
000028050900000000000040000000700906240000000000000700080500040600900000000000100
000028070050000100000000000400000020030600000000100000208000004000510600300000000
000029000000000100000030000009000020080004000050700000000100805300800600200000000
000029003900100000700000600020700090006000000030000000000036000500000010000000400
000029004760000030000010000800405000000600900300000000000800050090000100000000000
000029500030000070400000000600000003000500040000010000200000100050700000000300008
000030001004700000200000600030000070000800500010000000000002030600500000400060000
000030002006000500010400000000000160000080040200000300000706000300000005000100000
000030002050000700016000000000000510400080000000000600200507000000100080000000004
000030002050000700061000000000000510400080000000000600200507000000100080000000004
000030010020900000050000000300000070000500300100800000000001005080000200700040000
000030010050600000040000000067500400200010000000000000100002000300000008000400600
000030010084000000020000000500160000100000008000000200600000050000402000000300700
000030010084000000020000000600170000100000008000000200700000060000402000000500300
000030010400600000200000000700200600000018000000004000083000000010000005000500200
000030010800000040200500000000018600700000800000040000000700200009200000010000000
000030012500400000000000000700000560000021000000300000000507600008000400010000000
000030012600500000000000000800000670000021000000300000000608700005000400010000000
000030020000400007001000000200000160040700000000000500820000003000016000000005000
000030020008000040000001000360400000000508000700000000030600800200040000000000100
000030020008000600010000000000108000200000070000600000700020003300400500000000100
000030020010000500200040000000020007050000030000600000000508600700100000300000000
000030020107000000000800000400000701000250000000300400020000630000001000050000000
000030040002000070010500000700000080000600400000100000060002100400070300000000000
000030047005100000060000080000200500830000000000400000001000400700060000000080000
000030047005100000060000080000200500830000000000400000002000900700060000000080000
000030050200000040007050000100000700000800600030000000000600301054200000000000000
000030050700000200100000000002000060400700000000800030080000700030060000000200400
000030060000004700005000200070200500800060000000000001640000030000100000000500000
000030060100000040700100000030060000000807000000000200000200708050040000000000100
000030064275000000000000000000105200300000008000700000010000500400060000000000030
000030067901000000000000020070040800060700100000000000800000400500200000000600000
000030070010600000000000000060100500000405000000000030200070001307080000000000400
000030070050000004010000080300400000000200100000070000000501600700000300800000000
000030070200000400100000000038050000000600200070000000000102005000000038000400000
000030070500600000100000000008000105070900000000000200080000030000041000000205000
000030070800000010200400000000018500600000800000070000000600200009200000010000000
000030080200000400100000000039070000000600200080000000000102005000000039000400000
000030082401000000000000000000406500080000030000100000000500900600000400020070000
000030082401000000000000000000406500080000030000700000000500700600000400030020000
000030090500600000100000000007000105060800000000000200070000030000041000000205000
000030205701000000000060000560020000000100080400000070050000300000800000000700000
000030208610000000000009000007400010300050000000600040500000300000107000000000000
000030250010006000000000000400520300000000006000700000500100040000008001200000000
000030500200000400100600000050040000000000061000002000007800030040000700000100000
000030500200000400100600000050040000000000061000002000009800030040000700000100000
000030580200060000100000000040080300000900002000000000900107000080000040000200000
000030600070001000020000080040200005500000300000080000000400020300000009600000000
000030600400000100000007000030000006000480000000000500200504000000100070060000030
000030601047000000000000000300060500000002040100000000020407000000000380000200000
000030650010800000200000000035000900001004000000200000700096000000000031000000000
000030700000600400001000000000108050070000200400500000230070000000000008000000010
000030700010600000000000200000100083200000000500000000036000010000402500000070000
000030700064000000000000100005206000700000300000800000000014006080000020500000000
000030700080600000000000200000100083200000000500000000036000010000402500000070000
000030700800000000400000000000300086100000040070500000000614000050000200000008000
000030708260040000000000000000801000000000062540000000001200000000000430000000500
000030750010800000200000000035000900009004000000200000700096000000000031000000000
000030850704060000000000000200100004080050000000000600030000090000402000000700000
000030900010500000000000200200050000060000040000000001008401000700000830000006000
000030900401000000500000000030080001002000040000000056070000200600400000000100000
000030900401000000500000000030080006002000040000000051070000200600400000000100000
000030900405000000100000000030080005002000010000000046070000200600500000000100000
000030900408000000100000000030070005002000010000000048060000200500800000000100000
000030900501000000400000000030080001002000040000000056070000200600400000000100000
000030900501000000400000000030080006002000040000000051070000200600400000000100000
000031000000000062000000000170000050000040100060200000405000300000600009800000000
000031000000000200000000009008000063700200500000600000030000010900040000000800600
000031000007000020000000000000000430000050100005800000460200009100007000030000000
000031000020000400000080000260400000000000081000000000500600200001007000300000050
000031000029000000060000000800000305000700100000200000000400026100080000000000070
000031000040000200000000000000270050301000040600000000500000603090800000000400000
000031000040000200000000000000270050301000090600000000500000603090800000000400000
000031000080000060000000000540200008300070000100600000000000510020800000000000300
000031000200000050000000007500200000030000006000000100061000400000500320000800000
000031000200000060400000000070000803600200000000000000038070100500600020000000000
000031000400000200080000000205400000000070030600000000003500000070000080000200600
000031000500000006000000000000600004070200000010000080200540000000000310600000700
000031000600000005000000000000200004070500000010000080200640000000000310500000700
000031000600000500010000000000500200083000000000700000507000040000080030200600000
000031000700000200500000000018060003000500400000000000430700000000000018000000020
000031070050007000006000000020600500000040000000000030000200108400000600300000000
000031700000008000400000000060200050000470000010000000000000062700500000300000100
000032000050000200040010000800004000300000001000500000000700540601000000000000070
000032000800000700000000090200900000000000045000000603045100000000800100030000000
000032001087000000000000500000806070100000003000000000200050400000300600000000080
000032040060000100000000000203000008000100700400050000500000020010600000000900000
000032070401000000000000000000500800070000100020070000600401000500600020000000000
000032400501000000000000000000170050020060000000500000040000200000000306800700000
000032400601000000000000000000670010020050000000100000040000200000000305800700000
000032400601000000000000000037000020040050000000900080100800009000000300000100000
000032500804000000000000000037000020050060000000900010400800009000000300000100000
000032600051000000000000000300000420080050000000700060600000300000500009000100000
000034000020000070000060500000507080609000000004000000300000406000100000080000000
000034000700000090000050000200000104060900000000000300013000000000600080504000000
000034020001000000000000050000601700500800000420000000230050000000700100000000000
000034060010000000000060000400700100005000200603000000090100000800200000000000030
000034070100000002000000000900200000000090400000000030053100600000800009040000000
000034900801000000000020000700800000040000300000000010500600087030900000000000000
000035000700000400000009000400280000300000009000000010010600000000400200096000000
000035080201000000000000000700200000080000030000006000600100200050080000000000407
000035800200000000000090000680200000000000930000100000100000070053000000000800004
000036000700000050000040000200000601050900000000000300013000000000800020406000000
000036040100000900000000000050000001003040000900000200800102000060000030000900000
000036900000005030400000000700100200000480000000000060000200001830000000060000000
000037000600000090000010000000600820003400000010005000070000603000000100200000000
000037005860000090000020000900508000000600700100000000000400080070000200000000000
000037040052000000000000000000060200010500000700000030000600501008000400300000000
000037080024000000000000000000060200010400000700000030000500401008000500300000000
000037090054000000000000000000060200010400000700000030000200501008000400300000000
000037090300020000100000070870500000000000204000000300042000000090100000000000000
000037200460000000000000000300450000100000700000600000002000030070000010000800004
000038000200000700000010000000400260031000000000000070610500000000200400000000008
000038000200000700000010000000400260081000000000000070610500000000200400000000003
000038000400000700000010000000500460081000000000000020610400000000200500000000003
000038005200006070000000000000700020085000000000000100700200000000050300400000008
000038060024000000000000000000070200010400000800000030000600401006000500300000000
000038060024000000000000000000070200010400000800000030000600401009000500300000000
000038060054000000000000000000070200010500000800000030000600501009000400300000000
000039000200000800000010000000600270031000000000000080710500000000200400000000009
000039000500000400000000006000700090800400000000000020000160500070000100029000000
000039005010050000000000030000106200307000000400000000500000040000600100000200000
000039700000640000050000800000800230401000000600000000070200000000000001000000040
000040010203000000500000000007500208040060000000000300000203000160000000000800000
000040010300600000200000000500302700040500000000008000080010000000000205000000300
000040018520007000000000000608100000000005200000000040000860000700000500030000000
000040020050900000010000000000800105200030000000000900490002000300000060000100000
000040020057000000000000000460020000000500700000000100200100003000708000600000040
000040020370000000000000000060000701000020300090000000500308000200700000004000090
000040039120000000000000070600890000500000200000300000000001500009700000030000000
000040050000029000300000800000800001024000000050000000800600000000050040000700300
000040050021000000000300000500100040600002000000800000700000100400090000000000802
000040050300000700600800000048010000000007300000000000750003000000000041000200000
000040059300200000100000000000100700046000000950000000000056040000800300000000000
000040069020500000000000010030000740000800000000006000000730200600000300100000000
000040082065007000000000000100000040020500000000300000800030000400000700000600500
000040090040002000100000060000810000002600000070000000300100500000000207000000400
000040100030600000002000000070000640000200030400050000000307000800000500100000000
000040100300000020000005000080700000000300060050000000700210000006000405000000800
000040100600000500030000000000270006040000030001000000200603000000000480000500000
000040107200500000000000000071000600000200300000000000040081000300000025000000090
000040200030000800007000000040000001200080000000500070001700030600200400000000000
000040200030600000000000700000301050200500000709000000400070000000008030000000001
000040200080030000000000100200000500100700000000000090400105000000200080060000030
000040200500001000070000003000004150008000090030000000000380006100000000000200000
000040200800700000100000000027000060000108500000300000000005031060020000000000000
000040300020008000001000000400000070000100020000050000670200000000004100300000500
000040500060070000001000000000102400700000600000300000540000000200000030000800010
000040506010003000800000000000820000600000700005000010030000040004005000000100000
000040510037000000000000000400520000000000083000000100000308006000700200100000000
000040570031000000060000040000006001200050000000000000800000400000603000000700200
000040600020700000080000000400010000000000030000000020007305000600000108000200400
000040600205000000000000100060000400000700030000002000040060050000300007800000020
000040603070500000000000020000200080600000400100000000000063100025000070000000000
000040607500100000000000000000500030067000000000200000320000050000008100004070000
000040607500200000000000000000500030067000000000100000320000050000008100004070000
000040607500300000000000000000500020067000000000100000320000050000008100004070000
000040609501000000000000200000105080290000000000700000700300050060090000000000000
000040620100000000000000000520000010000800030004090000049000700000100500000003000
000040708500300000000000000000500020078000000000100000320000050000004100006080000
000040709063002000000000000020006030700000000000100000500710000008000060000000100
000040720063000000000000000000670100005000003200000000780000050000305000000100000
000040790820000000000070000630090000000100005000000200900800030000205000000000000
000040790820000000000070000630090000000100005000000200900800060000205000000000000
000040800060100000002000300070200060400030500000000000000600010305000000800000000
000040801702000000000000000000705040000200000010000000600400300080010000500000070
000040860500200000020000000300700008100000500000060000064000090000501000000000000
000040870061000000000000000000600031200070000400000000050108000700000200000300000
000040900003020000010000000000102003400000080900600000800007400000300000000000050
000040900018000000600000000705000200300800000000100000020000008000070030000000016
000041000000000630000000200015000004070300000004000000300600070000080005200000000
000041000000009060005080000002500000080000100000000904000300020840000000100000000
000041000020000700000000060500700680090300000000000040401080000000200500000000000
000041000030000060000000020000620000004300000100000700000500100000000407820000000
000041000058000000003000000420000700000890000600000100000500084000000030700000000
000041000060000080003000000401000500000800060700000000000280000020600000500000400
000041000070000200000000060500700680090300000000000040401080000000200700000000000
000041000070000500000000060500700680090300000000000040401080000000200700000000000
000041000300000005060000000014020000000500063000000000000000420600000800700300000
000041003850000070000000000000705900200000000000100000093020000000000510600000000
000041060009000500000006000800000014000930000200000000000800307010000000000000900
000041800203000000000000000600000140700380000000000060500700002040000000000200000
000042000000030010000000007500060030200700800000900000003000400000500002010000000
000042005610000000000000000204050000000700100500000300000108070000600000400000000
000043000020000500000010000270500000000000031000000000600700200003008000400000060
000043000060000050000001070000700100080500000000000300100020400302000000000000080
000043006001000070050020000000800050400000300206000000300000200000100000090000000
000043008900080070100000000002900500700000000000000400000200090040100000030000000
000043500200000080100000000030050400000700010000000000600200000040000600000108000
000045020701000000000000000000000508600100000020000040000300106040090000000000700
000045030100000000000020000608100000000000024300600000000900800700000100040000000
000045200103000060009000000090300004000100000000000700540007000000080030000000000
000046000020000700000000100070150000800000040000000030400003060000500200000700000
000046000100000080000030000200000605050800000000000300013000000000500070406000000
000046000300000800000000200002100050060000007000000040470000060000300100000800000
000046000600020000001000000720000400300500000000100800030000050000800010200000000
000046000700000080000030000200000605050800000000000300013000000000500070406000000
000046000800000020000050000140300000000200960005000000020000004700100000000000300
000046007900000300000000000040000075800009000000200000071050000000300890000000000
000047000800000090000030000200000705060900000000000300013000000000600080407000000
000047000901000000030000000760020000000000310000000900000106080400000006000900000
000047020901000000000000000020000100000100003000500000500380000040000760000000200
000048200301000000000000000000100039040050000000000060080600400600300000000070000
000049200501000000000000000000100035040060000000000070090700400700500000000080000
000050001300000040000000000000081500403000000200900000010490000000200030000000600
000050001600300000080000000300200060001000200740000000050071000000000320000000000
000050002003700000000000000000300890020800000600000000050021000400060000000000130
000050003600100000000000090800000620700003000000040000041009000000700100030000000
000050010026000000000000000030206000700000008000800040100070000000000302005000600
000050010320000000080000000000000802000071000000000006000806300001200000700000040
000050010380000000020000000000000802000071000000000006000806300001200000700000040
000050020010000700500000000078100003000060000030000000000307400600000050200000000
000050020900000100000300000052000008000600700040000000700901000300000040000000005
000050026100000050078000000004000800000020000000600000700108300020000000000004000
000050028031000000000000000600304700800000040000100000200080000040000300000600000
000050029031000000000000000700304800900000040000600000200090000040000300000100000
000050029301000000000000000000700130460080000500000000080000005000003400000200000
000050030080000900000020000000600800300000001200000000000804006001900000700000020
000050032617000000000000000000104600200000040000700000040000100300020000000800000
000050032618000000000000000000104600200000040000700000040000100300020000000800000
000050036800000040020000000000204700600007000001000000040000200300060000000800000
000050040009003000100000000270000080000100000050000000740060000000200300000000109
000050042010000000000000005508020000000100630400000000000603100200700000000000000
000050046000700000000000080012006000070000200000040000300200700800004000000000100
000050048073000000000000000002000360000740000100000000000203100840000000000007000
000050060042000000000300000600100050700002000000400000800000400500090000000000102
000050060090000030000001000030400000500000100000000200100000780004360000000900000
000050060402000000000001000000300204018000000000000700050060010700200400000000000
000050070400000100100000000002000030600400000000700050050000600030020000000800400
000050076400000080200000000060408000050000900000200000000100300800000200000070000
000050076400000080200000000060408000070000500000200000000100300800000200000090000
000050080040000030001000000900360000000000402000700100010402000800000600000000000
000050080600000200010030000200700400308000000000000001005000030040600000000100000
000050082700400000000000000000100400308000000025000000600002700040080000000000600
000050100407000000000008000600300040000000090050000000200700500000000801300400000
000050103020600000000040000060200070000000800000030000000700240301000000500000000
000050103020600000000040000080200060000000900000030000000700240301000000500000000
000050107200008000000000300000062080031000000000000000600800040070100500000000000
000050200014000000000006000000820040560000000900000000000000601300400000000100900
000050200300001000080000004000007310005000070040000000000840006100000000000200000
000050200300800000100000000028000070000301600000400000000006043050020000000000000
000050200400000030000000000000078005301000400600000000000300060080100000020000007
000050200480000000000010000600703040000800000100000000000000076020400000050000100
000050206084300000000000000000012500000000084000000000260000100000400070500000000
000050208610000000000009000007400010300020000000600040200000500000107000000000000
000050307010600000000000400403000500000001080700200000000100020300040000000000000
000050308200700000100000000000200060080000004000000000050048000006000070000003200
000050400007200000060000030540000900000001000000700000800000002000600070400090000
000050401702000000000000000000206050000800000040000000500700300010040000600000020
000050402670300000100000000210000060000040530000000000000601000005000800000000000
000050600001000000070000000300000040000400070650000000000701200000840000900000500
000050600060070000001000000000102400700000200000300000540000000200000030000800010
000050700400000600000001000000060002300900000000000050065000100070400000000003080
000050900300000000600000000100000006000000023000040500000601070090300000040000800
000050900700000600008002000900300000000000085000000020052000100040600000000070000
000051000030000080000000200501040007000700030200000000600000500020800000000300000
000051000030000900000000000020300046700040010000900000105000000000800200004000000
000051000040000030000000000070430600500000102000000000200800000000300070108000000
000051000080000020000000000500000704003200000000800600100000560020400000000070000
000051000080000600000000700300020050060300000000000400005000012700600000000800000
000051000300000020000000040400260000010000700000300000007000108200600000000000500
000051000300000020000000060400260000010000700000300000007000108200400000000000500
000051000300000700000000009407300000000000025000000000650000010000700200080040000
000051000307000000000000000010000540602300000000000070000700002100040000050000800
000051060000000082000000000005000700000860000904000000200400000080200000030000500
000052000000006200000000001103000000000090700800000000020000460090100000000800030
000052001468000000000000000000400360200070000000000080030800000500000002000000100
000052030700000010200040000060310000400000200000000800030600000000000400000700000
000054000200000070000000003900200000030000001000000500051000400000700860000900000
000054060031000000000000000600000540700380000000900000090000002000100300400000000
000054100020000000600000000300260000009000700000800000080000026000007500000000030
000054200608000010000000000000800670043000000100000000720000400000100000000000003
000056000000070090000000001000000370060000500100400000400100080050000700000200000
000056030100000400000000000000780200056000000030002000400900100000100000000000050
000056300400200000070000080035700000000000041000000000100004000800000700000030000
000057010010000900000020000000400630500800000200000000800090005030600000000000000
000057600040000030000000000000400102060300000000000700000240080507000000100000000
000058000000060020000000001201300000700000560300000000060000900040100000000002000
000058000000060020000000001201300000700000860300000000060000500040100000000002000
000058020701600000000000000000300801050000400200000000400100000080000050000030000
000058600070000030000000000000700102040300000000000800000240090508000000100000000
000059080001000200000000000530000070000400001000200000000170400950000000600000000
000059080201000000000000000050000030700400000000200000600100200000000406090030000
000059200407000000000000000050020000000800060070000000100000509806700000000000300
000060001020008000000000000000003820607000000100000000400710000050200030000000400
000060001085000000300000000000030080050000040100000000000805900706000200000400000
000060002500000040000001000400300000000500800000000100000420070008000030010000600
000060012030800000000000000000940300700000800100000000090300500000012070000000000
000060020500000100000300000062000008000100700040000000700901000300000040000000006
00006002090000010000030000006200000800080070004000000070090100050000004000000000